000000000000000000000000000000000000000000000000000000000000000000000000000000000
060070004008090760710406005007500326000903000346007500600308079073010200200050010
080301007120040000536000004800030470070085100003200090008100000090000325040700000
390804502200000040000100809067081005000006000000300601782005000049008007506000098
090300001750060300008500790506804000010000050000205609065009800004070035900003010
010050000000000400539002000006000002000000108003049060060301800080024910491080000
702600300090200718000700690300500000000070821020090000800000004075000003000020960
111111111111111111111111111111111111111111111111111111111111111111111111111111222
111111111111111111111111111111111111111111111111111111111111111111111111000000000
123456789456789123789123456234567891567891234891234567345678912678000000000000000
000000012300000000000000000000000000000000000000000000000000000000000000000000000
